stage0
11311
10301
10301
10301
11411
13301
13001
13301
11411
10331
10031
10331
11411
stage1
1113111
1003001
1003001
1003001
1003001
1003001
1114111
1003001
1003301
1000301
1003301
1003001
1114111
1003001
1333001
1300001
1333001
1003001
1114111
stage2
1113111
1333001
1300001
1333331
1000031
1003331
1114111
1003001
1333331
1030301
1333331
1003001
1114111
1333001
1300001
1300001
1333001
1003001
1114111
stage3
1113111
1003001
1005001
1000001
1006001
1003001
1114111
1003001
1533001
1000001
1633001
1003001
1114111
1003001
1003351
1000001
1633001
1003001
1114111
stage4
1113111
1333061
1300031
1300031
1300031
1503331
1114111
1003001
1003351
1000001
1633001
1003001
1114111
1003001
1003301
1630351
1033001
1003001
1114111
stage5
1113111
1003001
1605001
1300001
1506001
1003001
1114111
1533001
1000001
1533361
1000001
1003361
1114111
1003351
1000001
1536001
1000001
1633001
1114111
stage6
1113111
1003001
1003001
1533351
1000001
1603361
1114111
1005001
1005001
1006001
1000001
1006001
1114111
1333331
1300031
1503331
1005001
1063061
1114111
stage7
1113111
1003001
1605061
1300031
1506051
1003001
1114111
1003001
1603501
1350001
1003601
1003001
1114111
1003351
1600001
1306351
1300001
1503361
1114111
stage8
1113111
1333001
1300001
1350531
1000031
1006061
1114111
1003351
1630001
1035001
1000361
1063501
1114111
1533001
1500051
1306031
1303031
1603061
1114111
stage9
1113111
1333061
1300331
1303301
1305001
1533361
1114111
1505001
1600001
1006301
1060301
1033501
1114111
1333361
1303001
1503361
1500001
1506001
1114111
stage10
1113111
1003001
1635001
1003001
1005361
1003001
1114111
1053501
1000001
1605361
1330601
1033001
1114111
1355061
1300031
1300031
1306031
1605331
1114111
stage11
1113111
1003001
1002001
1000001
1003001
1003001
1114111
1003001
1003201
1000001
1002301
1000001
1114111
1202001
1000001
1200001
1000001
1203001
1114111
stage12
1113111
1002331
1000031
1323031
1300031
1203031
1114111
1333001
1300001
1333231
1320031
1003021
1114111
1033301
1032001
1033301
1000301
1033301
1114111
stage13
1113111
1003001
1302031
1300031
1320301
1003301
1114111
1003331
1003031
1000031
1202031
1320231
1114111
1202001
1020321
1200001
1022021
1330001
1114111
stage14
1113111
1003001
1003001
1002021
1032001
1030231
1114111
1202031
1230231
1200001
1202001
1003001
1114111
1202031
1003031
1300031
1202031
1003231
1114111
stage15
1113111
1002001
1000001
1002001
1000001
1065561
1114111
1603321
1200001
1000021
1202001
1000051
1114111
1502051
1000001
1000001
1202001
1603261
1114111
stage16
1113111
1003001
1023201
1000001
1050501
1603361
1114111
1302031
1300001
1300001
1302061
1205021
1114111
1602051
1300001
1300001
1302021
1205061
1114111
stage17
111131111
100030001
100030001
100030001
100070001
100030001
100030001
100030001
111141111
133330001
130000001
130373331
130300031
130300031
130023331
133200001
111141111
100333001
103303301
153060351
100060001
100373001
120202021
133232231
111141111
stage18
111131111
133330001
160200061
130005031
130503031
133207051
100030231
100030061
111141111
150030001
130030351
100030301
120030201
100020301
120000001
130262761
111141111
103332051
133000001
130006331
170000071
120060251
100030001
130035361
111141111
stage19
111131111
133535031
130060031
130030031
160020371
170320031
130000331
130232301
111141111
130232021
130030031
150000051
162070261
100333001
130202031
120030231
111141111
176635571
130050031
120060021
100000001
120306021
100033001
100030051
111141111