stage0
11311
10001
10001
10001
11111
10001
10001
10001
11111
10001
10001
10001
11111
stage1
1110111
1000001
1000001
1000001
1000001
1000001
1110111
1000001
1000001
1000001
1000001
1000001
1111111
1000001
1000001
1000001
1000001
1000001
1111111
stage2
1110111
1000001
1000001
1000001
1000001
1000001
1110111
1000001
1000001
1000001
1000001
1000001
1111111
1000001
1000001
1000001
1000001
1000001
1111111
stage3
1110111
1000001
1002001
1000001
1002001
1000001
1110111
1000001
1300001
1000001
1300001
1000001
1110111
1000001
1000041
1000001
1400001
1000001
1110111
stage4
1110111
1000021
1000001
1000001
1000001
1200001
1110111
1000001
1000031
1000001
1300001
1000001
1111111
1000001
1000001
1400041
1000001
1000001
1111111
stage5
1113111
1000001
1202001
1000001
1303001
1000001
1110111
1400001
1000001
1500041
1000001
1000051
1110111
1000061
1000001
1706001
1000001
1700001
1110111
stage6
1110111
1000001
1000001
1200031
1000001
1300021
1110111
1004001
1005001
1004001
1000001
1005001
1110111
1000001
1000001
1600001
1007001
1060071
1114111
stage7
1113111
1000001
1202031
1000001
1304041
1000001
1110111
1000001
1500501
1060001
1000601
1000001
1110111
1000071
1700001
1008091
1000001
1800091
1110111
stage8
1110111
1000001
1000001
1020301
1000001
1003021
1110111
1000041
1400001
1005001
1000051
1060601
1110111
1700001
1900081
1009001
1000001
1800071
1110111
stage9
1110111
1000021
1000001
1000001
1003001
1200031
1110111
1604001
1500001
1004001
1060001
1000501
1110111
1000071
1300001
1700081
1800001
1909001
1110111
stage10
1110111
1000001
1202001
1000001
1003031
1000001
1110111
1040501
1000001
1506041
1000601
1000001
1110111
1087091
1000001
1000001
1008001
1709001
1110111
stage11
1110111
1000001
1000001
1000001
1000001
1000001
1110111
1000001
1000001
1000001
1000001
1000001
1110111
1000001
1000001
1000001
1000001
1000001
1110111
stage12
1110111
1000001
1000001
1000001
1000001
1000001
1110111
1000001
1000001
1000001
1000001
1000001
1110111
1000001
1000001
1000001
1000001
1000001
1110111
stage13
1110111
1000001
1000001
1000001
1000001
1000001
1110111
1000001
1000001
1000001
1000001
1000001
1110111
1000001
1000001
1000001
1000001
1000001
1110111
stage14
1110111
1000001
1000001
1000001
1000001
1000001
1110111
1000001
1000001
1000001
1000001
1000001
1110111
1000001
1000001
1000001
1000001
1000001
1110111
stage15
1110111
1000001
1000001
1000001
1000001
1032321
1110111
1400001
1000001
1000001
1000001
1000041
1110111
1602051
1000001
1000001
1202001
1503261
1114111
stage16
1110111
1000001
1000001
1000001
1020301
1300021
1110111
1000001
1000001
1000001
1000041
1004001
1110111
1500051
1000001
1000001
1000001
1006061
1114111
stage17
111101111
100000001
100000001
100000001
100000001
100000001
100000001
100000001
111101111
100000001
100000001
100000001
100000001
100000001
100000001
100000001
111101111
100000001
100000001
130020021
100030001
100000001
100000001
100000001
111101111
stage18
111101111
100000001
120000031
100003001
100200001
100000041
100000001
100000041
111101111
160000001
100000051
100000001
100000001
100000001
100000001
100060051
111101111
100000071
100000001
100007001
100000001
100090081
100000001
100009081
111101111
stage19
111101111
100203001
100030001
100000001
120000001
100000001
100000001
100000001
111101111
100000001
100000001
140000041
150000051
100000001
100000001
100000001
111101111
107838601
100070001
100060001
100000001
100009001
100000001
100000091
111101111